coef corr
[[ 1.          0.50080714  0.83501365  0.79356739  0.40549248 -0.2550315 ]
 [ 0.50080714  1.          0.41514413  0.66666133  0.61127277  0.55982653]
 [ 0.83501365  0.41514413  1.          0.88236409  0.16412489 -0.39757109]
 [ 0.79356739  0.66666133  0.88236409  1.          0.43995833 -0.00510342]
 [ 0.40549248  0.61127277  0.16412489  0.43995833  1.          0.44748379]
 [-0.2550315   0.55982653 -0.39757109 -0.00510342  0.44748379  1.        ]]

betas
[[ 1.          0.32441716  0.68025574  0.41795731  0.67358955  0.06646992]
 [ 0.44159521  1.          0.49147522  0.36655975  0.53063335  0.37899394]
 [ 0.48029233  0.25492624  1.          0.52599471  0.49195073 -0.02063707]
 [ 0.60499799  0.38980396  1.07837532  1.          0.55987088  0.10131034]
 [ 0.57328669  0.33178025  0.59301365  0.32918679  1.          0.07039426]
 [ 0.0870295   0.36454664 -0.03826979  0.09163748  0.10829343  1.        ]]